1,-3.1878,55.9444,230,-3.187992836282906,55.944170186667066,null
2,-3.187992836282906,55.944170186667066,200,-3.1882747440691417,55.944067580624065,rush.crown.link
3,-3.1882747440691417,55.944067580624065,190,-3.1885701863950455,55.94401548617076,null
4,-3.1885701863950455,55.94401548617076,190,-3.1888656287209494,55.94396339171746,noted.friday.jams
5,-3.1888656287209494,55.94396339171746,190,-3.189161071046853,55.94391129726416,null
6,-3.189161071046853,55.94391129726416,190,-3.189456513372757,55.943859202810856,burn.spot.across
7,-3.189456513372757,55.943859202810856,200,-3.1897384211589928,55.943756596767855,null
8,-3.1897384211589928,55.943756596767855,190,-3.1900338634848966,55.94370450231455,null
9,-3.1900338634848966,55.94370450231455,240,-3.1901838634848967,55.94344469469342,arts.dish.scarcely
10,-3.1901838634848967,55.94344469469342,210,-3.190443671106032,55.94329469469342,null
11,-3.190443671106032,55.94329469469342,220,-3.190673484438968,55.943101858410515,relate.chill.vest
12,-3.190673484438968,55.943101858410515,180,-3.190973484438968,55.943101858410515,else.urban.museum
13,-3.190973484438968,55.943101858410515,130,-3.191166320721874,55.94333167174345,meal.feed.large
14,-3.191166320721874,55.94333167174345,20,-3.190884412935638,55.94343427778645,null
15,-3.190884412935638,55.94343427778645,30,-3.1906246053145026,55.94358427778645,null
16,-3.1906246053145026,55.94358427778645,20,-3.190342697528267,55.94368688382945,sculpture.shot.melon
17,-3.190342697528267,55.94368688382945,40,-3.1901128841953312,55.943879720112356,null
18,-3.1901128841953312,55.943879720112356,30,-3.1898530765741957,55.944029720112354,cliff.asleep.wedge
19,-3.1898530765741957,55.944029720112354,10,-3.189557634248292,55.944081814565656,null
20,-3.189557634248292,55.944081814565656,20,-3.189275726462056,55.94418442060866,spoon.invest.every
21,-3.189275726462056,55.94418442060866,60,-3.189125726462056,55.94444422822979,null
22,-3.189125726462056,55.94444422822979,50,-3.1889328901791503,55.94467404156273,null
23,-3.1889328901791503,55.94467404156273,90,-3.1889328901791503,55.94497404156273,null
24,-3.1889328901791503,55.94497404156273,40,-3.1887030768462146,55.94516687784564,rooms.lamp.teach
25,-3.1887030768462146,55.94516687784564,110,-3.188805682889212,55.945448785631875,shady.soft.phones
26,-3.188805682889212,55.945448785631875,10,-3.1885102405633083,55.94550088008518,skills.less.herb
27,-3.1885102405633083,55.94550088008518,310,-3.1883174042804026,55.94527106675224,null
28,-3.1883174042804026,55.94527106675224,310,-3.1881245679974968,55.945041253419305,null
29,-3.1881245679974968,55.945041253419305,310,-3.187931731714591,55.94481144008637,hurt.green.filer
30,-3.187931731714591,55.94481144008637,310,-3.187738895431685,55.94458162675343,null
31,-3.187738895431685,55.94458162675343,0,-3.187438895431685,55.94458162675343,null
32,-3.187438895431685,55.94458162675343,0,-3.187138895431685,55.94458162675343,null
33,-3.187138895431685,55.94458162675343,0,-3.1868388954316846,55.94458162675343,artist.gets.react
34,-3.1868388954316846,55.94458162675343,10,-3.186543453105781,55.944633721206735,rated.fired.crowds
35,-3.186543453105781,55.944633721206735,90,-3.186543453105781,55.94493372120674,null
36,-3.186543453105781,55.94493372120674,130,-3.1867362893886866,55.945163534539674,null
37,-3.1867362893886866,55.945163534539674,120,-3.1868862893886867,55.94542334216081,spent.spoon.bolt
38,-3.1868862893886867,55.94542334216081,130,-3.1870791256715925,55.945653155493744,null
39,-3.1870791256715925,55.945653155493744,140,-3.187308939004528,55.94584599177665,slips.mass.baking
40,-3.187308939004528,55.94584599177665,340,-3.1870270312182924,55.94574338573365,null
41,-3.1870270312182924,55.94574338573365,340,-3.1867451234320567,55.94564077969065,hidden.handle.softly
42,-3.1867451234320567,55.94564077969065,20,-3.186463215645821,55.94574338573365,null
43,-3.186463215645821,55.94574338573365,20,-3.1861813078595853,55.94584599177665,null
44,-3.1861813078595853,55.94584599177665,20,-3.1858994000733496,55.94594859781965,null
45,-3.1858994000733496,55.94594859781965,20,-3.185617492287114,55.94605120386265,null
46,-3.185617492287114,55.94605120386265,20,-3.185335584500878,55.94615380990565,prime.rent.silk
47,-3.185335584500878,55.94615380990565,320,-3.1851057711679425,55.945960973622746,rider.aura.bulb
48,-3.1851057711679425,55.945960973622746,300,-3.1849557711679424,55.94570116600161,null
49,-3.1849557711679424,55.94570116600161,300,-3.1848057711679423,55.94544135838048,null
50,-3.1848057711679423,55.94544135838048,300,-3.184655771167942,55.945181550759344,null
51,-3.184655771167942,55.945181550759344,310,-3.1844629348850364,55.94495173742641,sports.topic.clocks
52,-3.1844629348850364,55.94495173742641,200,-3.184744842671272,55.94484913138341,null
53,-3.184744842671272,55.94484913138341,190,-3.185040284997176,55.944797036930105,null
54,-3.185040284997176,55.944797036930105,230,-3.1852331212800817,55.94456722359717,acid.chair.butter
55,-3.1852331212800817,55.94456722359717,240,-3.185383121280082,55.944307415976034,null
56,-3.185383121280082,55.944307415976034,250,-3.1854857273230794,55.944025508189796,manliness.poem.cliff
57,-3.1854857273230794,55.944025508189796,320,-3.1852559139901437,55.94383267190689,hello.love.keys
58,-3.1852559139901437,55.94383267190689,310,-3.185063077707238,55.94360285857395,null
59,-3.185063077707238,55.94360285857395,330,-3.1848032700861024,55.943452858573956,null
60,-3.1848032700861024,55.943452858573956,270,-3.1848032700861024,55.94315285857395,brings.remedy.latter
61,-3.1848032700861024,55.94315285857395,200,-3.185085177872338,55.94305025253095,null
62,-3.185085177872338,55.94305025253095,170,-3.185380620198242,55.943102346984254,null
63,-3.185380620198242,55.943102346984254,230,-3.1855734564811478,55.94287253365132,dent.shins.cycle
64,-3.1855734564811478,55.94287253365132,100,-3.1856255509344478,55.943167975977225,toned.deflection.bland
65,-3.1856255509344478,55.943167975977225,120,-3.185775550934448,55.94342778359836,record.sofa.sock
66,-3.185775550934448,55.94342778359836,170,-3.1860709932603517,55.94347987805166,null
67,-3.1860709932603517,55.94347987805166,170,-3.1863664355862555,55.943531972504964,null
68,-3.1863664355862555,55.943531972504964,180,-3.1866664355862557,55.943531972504964,null
69,-3.1866664355862557,55.943531972504964,170,-3.1869618779121596,55.943584066958266,null
70,-3.1869618779121596,55.943584066958266,180,-3.1872618779121598,55.943584066958266,shut.stands.media
71,-3.1872618779121598,55.943584066958266,280,-3.1872097834588597,55.94328862463236,scale.chair.kinds
72,-3.1872097834588597,55.94328862463236,230,-3.1874026197417655,55.94305881129942,null
73,-3.1874026197417655,55.94305881129942,220,-3.1876324330747012,55.94286597501652,panic.squad.danger
74,-3.1876324330747012,55.94286597501652,120,-3.1877824330747013,55.94312578263765,null
75,-3.1877824330747013,55.94312578263765,120,-3.1879324330747014,55.943385590258785,scare.cubs.resort
76,-3.1879324330747014,55.943385590258785,80,-3.1878803386214014,55.94368103258469,null
77,-3.1878803386214014,55.94368103258469,80,-3.1878282441681014,55.9439764749106,null
78,-3.1878282441681014,55.9439764749106,90,-3.1878282441681014,55.9442764749106,null