1,-3.188396,55.944425,320,-3.1881661866670643,55.944232163717096,null
2,-3.1881661866670643,55.944232163717096,20,-3.1878842788808286,55.9443347697601,null
3,-3.1878842788808286,55.9443347697601,320,-3.187654465547893,55.94414193347719,bound.ends.matter
4,-3.187654465547893,55.94414193347719,300,-3.187504465547893,55.94388212585606,begins.spider.drips
5,-3.187504465547893,55.94388212585606,220,-3.1877342788808285,55.94368928957315,null
6,-3.1877342788808285,55.94368928957315,220,-3.187964092213764,55.943496453290244,scare.cubs.resort
7,-3.187964092213764,55.943496453290244,290,-3.1878614861707666,55.943214545504006,null
8,-3.1878614861707666,55.943214545504006,290,-3.187758880127769,55.94293263771777,panic.squad.danger
9,-3.187758880127769,55.94293263771777,0,-3.187458880127769,55.94293263771777,null
10,-3.187458880127769,55.94293263771777,350,-3.187163437801865,55.942880543264465,valve.elaborate.fortunate
11,-3.187163437801865,55.942880543264465,10,-3.186867995475961,55.94293263771777,null
12,-3.186867995475961,55.94293263771777,10,-3.1865725531500573,55.94298473217107,null
13,-3.1865725531500573,55.94298473217107,0,-3.186272553150057,55.94298473217107,null
14,-3.186272553150057,55.94298473217107,10,-3.1859771108241532,55.94303682662437,null
15,-3.1859771108241532,55.94303682662437,0,-3.185677110824153,55.94303682662437,toned.deflection.bland
16,-3.185677110824153,55.94303682662437,40,-3.1854472974912174,55.94322966290728,null
17,-3.1854472974912174,55.94322966290728,40,-3.1852174841582817,55.943422499190184,null
18,-3.1852174841582817,55.943422499190184,40,-3.184987670825346,55.94361533547309,null
19,-3.184987670825346,55.94361533547309,40,-3.1847578574924102,55.943808171756,rider.mile.lime
20,-3.1847578574924102,55.943808171756,150,-3.185017665113546,55.943958171755995,null
21,-3.185017665113546,55.943958171755995,150,-3.1852774727346813,55.94410817175599,null
22,-3.1852774727346813,55.94410817175599,150,-3.185537280355817,55.94425817175599,atoms.vanish.foods
23,-3.185537280355817,55.94425817175599,40,-3.185307467022881,55.9444510080389,null
24,-3.185307467022881,55.9444510080389,0,-3.185007467022881,55.9444510080389,null
25,-3.185007467022881,55.9444510080389,70,-3.1849048609798833,55.944732915825135,slide.leads.stores
26,-3.1849048609798833,55.944732915825135,30,-3.184645053358748,55.94488291582513,sports.topic.clocks
27,-3.184645053358748,55.94488291582513,70,-3.18454244731575,55.94516482361137,settle.title.united
28,-3.18454244731575,55.94516482361137,150,-3.1848022549368857,55.94531482361137,null
29,-3.1848022549368857,55.94531482361137,140,-3.1850320682698214,55.945507659894275,null
30,-3.1850320682698214,55.945507659894275,150,-3.185291875890957,55.94565765989427,null
31,-3.185291875890957,55.94565765989427,140,-3.1855216892238927,55.94585049617718,null
32,-3.1855216892238927,55.94585049617718,150,-3.185781496845028,55.94600049617718,renew.slows.basket
33,-3.185781496845028,55.94600049617718,190,-3.186076939170932,55.945948401723875,null
34,-3.186076939170932,55.945948401723875,220,-3.1863067525038677,55.94575556544097,posts.kicked.universally
35,-3.1863067525038677,55.94575556544097,210,-3.1865665601250033,55.94560556544097,null
36,-3.1865665601250033,55.94560556544097,210,-3.186826367746139,55.94545556544097,spent.spoon.bolt
37,-3.186826367746139,55.94545556544097,290,-3.186723761703141,55.945173657654735,dragon.bottle.crisp
38,-3.186723761703141,55.945173657654735,300,-3.186573761703141,55.9449138500336,null
39,-3.186573761703141,55.9449138500336,310,-3.1863809254202353,55.944684036700664,rated.fired.crowds
40,-3.1863809254202353,55.944684036700664,190,-3.186676367746139,55.94463194224736,null
41,-3.186676367746139,55.94463194224736,190,-3.186971810072043,55.94457984779406,null
42,-3.186971810072043,55.94457984779406,190,-3.187267252397947,55.94452775334076,only.fairly.rift
43,-3.187267252397947,55.94452775334076,180,-3.187567252397947,55.94452775334076,null
44,-3.187567252397947,55.94452775334076,150,-3.1878270600190826,55.944677753340756,null
45,-3.1878270600190826,55.944677753340756,150,-3.188086867640218,55.94482775334075,null
46,-3.188086867640218,55.94482775334075,150,-3.1883466752613536,55.94497775334075,null
47,-3.1883466752613536,55.94497775334075,150,-3.188606482882489,55.94512775334075,rooms.lamp.teach
48,-3.188606482882489,55.94512775334075,80,-3.188554388429189,55.945423195666656,null
49,-3.188554388429189,55.945423195666656,70,-3.1884517823861915,55.945705103452894,bend.tubes.chops
50,-3.1884517823861915,55.945705103452894,180,-3.1887517823861917,55.945705103452894,stops.else.chats
51,-3.1887517823861917,55.945705103452894,200,-3.1890336901724274,55.945602497409894,null
52,-3.1890336901724274,55.945602497409894,170,-3.1893291324983313,55.945654591863196,museum.spicy.horns
53,-3.1893291324983313,55.945654591863196,170,-3.189624574824235,55.9457066863165,null
54,-3.189624574824235,55.9457066863165,170,-3.189920017150139,55.9457587807698,null
55,-3.189920017150139,55.9457587807698,170,-3.190215459476043,55.9458108752231,null
56,-3.190215459476043,55.9458108752231,170,-3.1905109018019466,55.945862969676405,null
57,-3.1905109018019466,55.945862969676405,170,-3.1908063441278505,55.94591506412971,null
58,-3.1908063441278505,55.94591506412971,170,-3.1911017864537543,55.94596715858301,simple.rust.audio
59,-3.1911017864537543,55.94596715858301,270,-3.1911017864537543,55.94566715858301,null
60,-3.1911017864537543,55.94566715858301,280,-3.1910496920004543,55.9453717162571,null
61,-3.1910496920004543,55.9453717162571,270,-3.1910496920004543,55.9450717162571,shapes.sheep.nature
62,-3.1910496920004543,55.9450717162571,260,-3.1911017864537543,55.94477627393119,null
63,-3.1911017864537543,55.94477627393119,260,-3.1911538809070543,55.94448083160528,null
64,-3.1911538809070543,55.94448083160528,260,-3.1912059753603543,55.944185389279376,null
65,-3.1912059753603543,55.944185389279376,290,-3.1911033693173567,55.94390348149314,spicy.bunch.shady
66,-3.1911033693173567,55.94390348149314,270,-3.1911033693173567,55.943603481493135,loaf.cheer.slave
67,-3.1911033693173567,55.943603481493135,310,-3.190910533034451,55.9433736681602,null
68,-3.190910533034451,55.9433736681602,300,-3.190760533034451,55.943113860539064,relate.chill.vest
69,-3.190760533034451,55.943113860539064,70,-3.1906579269914532,55.9433957683253,null
70,-3.1906579269914532,55.9433957683253,70,-3.1905553209484556,55.94367767611154,null
71,-3.1905553209484556,55.94367767611154,70,-3.190452714905458,55.94395958389778,pump.wheels.hulk
72,-3.190452714905458,55.94395958389778,300,-3.190302714905458,55.943699776276645,sculpture.shot.melon
73,-3.190302714905458,55.943699776276645,290,-3.1902001088624603,55.94341786849041,arts.dish.scarcely
74,-3.1902001088624603,55.94341786849041,290,-3.1900975028194627,55.94313596070417,null
75,-3.1900975028194627,55.94313596070417,310,-3.189904666536557,55.94290614737123,second.launch.miles
76,-3.189904666536557,55.94290614737123,10,-3.189609224210653,55.942958241824535,null
77,-3.189609224210653,55.942958241824535,10,-3.1893137818847492,55.94301033627784,region.passes.pencil
78,-3.1893137818847492,55.94301033627784,120,-3.1894637818847493,55.94327014389897,null
79,-3.1894637818847493,55.94327014389897,100,-3.1895158763380493,55.94356558622488,cars.attend.hotels
80,-3.1895158763380493,55.94356558622488,10,-3.1892204340121455,55.94361768067818,null
81,-3.1892204340121455,55.94361768067818,10,-3.1889249916862417,55.94366977513148,labels.hotels.alert
82,-3.1889249916862417,55.94366977513148,50,-3.188732155403336,55.94389958846442,null
83,-3.188732155403336,55.94389958846442,60,-3.188582155403336,55.94415939608555,null
84,-3.188582155403336,55.94415939608555,50,-3.18838931912043,55.94438920941849,null